cam1_tf: [0.670139, -0.326796, 0.506907, -0.006097, 0.571086, -0.020724, 0.820606]
cam2_tf: [0.149003, -0.0670836, 0.389159, 0.91283, -0.0144539, -0.407963, 0.0099427]
