cam1_tf: [0.673339, -0.331355, 0.512349, 0.003465, 0.572904, 0.008885, 0.819567]
cam2_tf: [0.153252, -0.0757284, 0.384213, 0.909495, -0.0193283, -0.41493, -0.016694]
