cam1_tf: [0.669228, -0.353690, 0.509540, 0.002461, 0.559397, -0.005863, 0.828876]
cam2_tf: [0.153252, -0.0757284, 0.384213, 0.909495, -0.0193283, -0.41493, -0.016694]
