in_radian: true
a_1: [0.01448623277246952, 0.3113667368888855, -0.27349311113357544, 0.004014257341623306, 1.5819664001464844, -0.8265879154205322]
a_2: [0.01326450239866972, 0.46268677711486816, -0.4836306869983673, 0.004014257341623306, 1.6407840251922607, -0.8274606466293335]
a_3: [0.01326450239866972, 0.48747047781944275, -0.6065019369125366, 0.004014257341623306, 1.7388715744018555, -0.8271114826202393]
b_1: [-0.08115781843662262, 0.2961823642253876, -0.25761061906814575, -0.0006981316837482154, 1.5814428329467773, -0.9220574498176575]
b_2: [-0.07330382615327835, 0.47769662737846375, -0.5096361637115479, -0.0003490658418741077, 1.65212881565094, -0.9142034649848938]
b_3: [-0.07330382615327835, 0.49375367164611816, -0.5904449224472046, -0.0003490658418741077, 1.7167059183120728, -0.9142034649848938]
c_1: [-0.17592918872833252, 0.3548254370689392, -0.3338814675807953, -0.005410520825535059, 1.5985469818115234, -1.0166542530059814]
c_2: [-0.1638864129781723, 0.48607420921325684, -0.5202826261520386, -0.004712388850748539, 1.6540484428405762, -1.0047860145568848]
c_3: [-0.1638864129781723, 0.5057964324951172, -0.6162757873535156, -0.004886921960860491, 1.730144739151001, -1.0051350593566895]
